
Processing plot_limits.cc(2)...
-0.03 -1
-0.02 -0.88
-0.03 -0.87
-0.04 -0.86
-0.06 -0.85
-0.07 -0.84
-0.08 -0.83
-0.09 -0.82
-0.1 -0.81
-0.11 -0.8
-0.12 -0.79
-0.13 -0.78
-0.14 -0.77
-0.15 -0.76
-0.16 -0.75
-0.17 -0.74
-0.18 -0.73
-0.19 -0.72
-0.2 -0.71
-0.21 -0.7
-0.21 -0.69
-0.22 -0.68
-0.23 -0.67
-0.24 -0.66
-0.25 -0.65
-0.26 -0.64
-0.26 -0.63
-0.27 -0.62
-0.28 -0.61
-0.29 -0.6
-0.29 -0.59
-0.3 -0.58
-0.31 -0.57
-0.32 -0.56
-0.32 -0.55
-0.33 -0.54
-0.34 -0.53
-0.34 -0.52
-0.35 -0.51
-0.36 -0.5
-0.36 -0.49
-0.37 -0.48
-0.38 -0.47
-0.38 -0.46
-0.39 -0.45
-0.4 -0.44
-0.4 -0.43
-0.41 -0.42
-0.42 -0.41
-0.42 -0.4
-0.43 -0.39
-0.43 -0.38
-0.44 -0.37
-0.45 -0.36
-0.45 -0.35
-0.46 -0.34
-0.46 -0.33
-0.47 -0.32
-0.47 -0.31
-0.48 -0.3
-0.49 -0.29
-0.49 -0.28
-0.5 -0.27
-0.5 -0.26
-0.51 -0.25
-0.51 -0.24
-0.52 -0.23
-0.53 -0.22
-0.53 -0.21
-0.54 -0.2
-0.54 -0.19
-0.55 -0.18
-0.55 -0.17
-0.56 -0.16
-0.56 -0.15
-0.57 -0.14
-0.57 -0.13
-0.58 -0.12
-0.58 -0.11
-0.59 -0.1
-0.59 -0.09
-0.6 -0.08
-0.6 -0.07
-0.61 -0.06
-0.61 -0.05
-0.62 -0.04
-0.62 -0.03
-0.63 -0.02
-0.63 -0.01
-0.64 7.5287e-16
-0.64 0.01
-0.65 0.02
-0.65 0.03
-0.66 0.04
-0.66 0.05
-0.66 0.06
-0.67 0.07
-0.67 0.08
-0.68 0.09
-0.68 0.1
-0.69 0.11
-0.69 0.12
-0.7 0.13
-0.7 0.14
-0.71 0.15
-0.71 0.16
-0.71 0.17
-0.72 0.18
-0.72 0.19
-0.73 0.2
-0.73 0.21
-0.74 0.22
-0.74 0.23
-0.74 0.24
-0.75 0.25
-0.75 0.26
-0.76 0.27
-0.76 0.28
-0.77 0.29
-0.77 0.3
-0.77 0.31
-0.78 0.32
-0.78 0.33
-0.79 0.34
-0.79 0.35
-0.79 0.36
-0.8 0.37
-0.8 0.38
-0.81 0.39
-0.81 0.4
-0.81 0.41
-0.82 0.42
-0.82 0.43
-0.83 0.44
-0.83 0.45
-0.83 0.46
-0.84 0.47
-0.84 0.48
-0.85 0.49
-0.85 0.5
-0.85 0.51
-0.86 0.52
-0.86 0.53
-0.86 0.54
-0.87 0.55
-0.87 0.56
-0.88 0.57
-0.88 0.58
-0.88 0.59
-0.89 0.6
-0.89 0.61
-0.89 0.62
-0.9 0.63
-0.9 0.64
-0.91 0.65
-0.91 0.66
-0.91 0.67
-0.91 0.68
-0.92 0.69
-0.92 0.7
-0.92 0.71
-0.92 0.72
-0.92 0.73
-0.92 0.74
-0.92 0.75
-0.92 0.76
-0.91 0.77
-0.91 0.78
-0.9 0.79
-0.9 0.8
-0.89 0.81
-0.88 0.82
-0.87 0.83
-0.86 0.84
-0.84 0.85
-0.82 0.86
-0.8 0.87
-0.78 0.88
-0.75 0.89
-0.71 0.9
-0.67 0.91
-0.63 0.92
-0.56 0.93
-0.49 0.94
-0.4 0.95
-0.29 0.96
-0.13 0.97
