
Processing plot_limits.cc(8,-1)...
-0.02 -1
-0.03 -0.99
-0.05 -0.98
-0.07 -0.97
-0.09 -0.96
-0.11 -0.95
-0.12 -0.94
-0.14 -0.93
-0.16 -0.92
-0.17 -0.91
-0.19 -0.9
-0.2 -0.89
-0.21 -0.88
-0.22 -0.87
-0.24 -0.86
-0.25 -0.85
-0.26 -0.84
-0.27 -0.83
-0.28 -0.82
-0.29 -0.81
-0.3 -0.8
-0.31 -0.79
-0.32 -0.78
-0.33 -0.77
-0.34 -0.76
-0.35 -0.75
-0.36 -0.74
-0.37 -0.73
-0.38 -0.72
-0.39 -0.71
-0.4 -0.7
-0.41 -0.69
-0.41 -0.68
-0.42 -0.67
-0.43 -0.66
-0.44 -0.65
-0.45 -0.64
-0.45 -0.63
-0.46 -0.62
-0.47 -0.61
-0.48 -0.6
-0.48 -0.59
-0.49 -0.58
-0.5 -0.57
-0.51 -0.56
-0.51 -0.55
-0.52 -0.54
-0.53 -0.53
-0.53 -0.52
-0.54 -0.51
-0.55 -0.5
-0.55 -0.49
-0.56 -0.48
-0.57 -0.47
-0.57 -0.46
-0.58 -0.45
-0.59 -0.44
-0.59 -0.43
-0.6 -0.42
-0.6 -0.41
-0.61 -0.4
-0.62 -0.39
-0.62 -0.38
-0.63 -0.37
-0.63 -0.36
-0.64 -0.35
-0.65 -0.34
-0.65 -0.33
-0.66 -0.32
-0.66 -0.31
-0.67 -0.3
-0.67 -0.29
-0.68 -0.28
-0.69 -0.27
-0.69 -0.26
-0.7 -0.25
-0.7 -0.24
-0.71 -0.23
-0.71 -0.22
-0.72 -0.21
-0.72 -0.2
-0.73 -0.19
-0.73 -0.18
-0.74 -0.17
-0.74 -0.16
-0.75 -0.15
-0.75 -0.14
-0.76 -0.13
-0.76 -0.12
-0.77 -0.11
-0.77 -0.1
-0.78 -0.09
-0.78 -0.08
-0.79 -0.07
-0.79 -0.06
-0.8 -0.05
-0.8 -0.04
-0.81 -0.03
-0.81 -0.02
-0.82 -0.01
-0.82 7.5287e-16
-0.83 0.01
-0.83 0.02
-0.84 0.03
-0.84 0.04
-0.84 0.05
-0.85 0.06
-0.85 0.07
-0.86 0.08
-0.86 0.09
-0.87 0.1
-0.87 0.11
-0.88 0.12
-0.88 0.13
-0.89 0.14
-0.89 0.15
-0.89 0.16
-0.9 0.17
-0.9 0.18
-0.91 0.19
-0.91 0.2
-0.92 0.21
-0.92 0.22
-0.92 0.23
-0.93 0.24
-0.93 0.25
-0.94 0.26
-0.94 0.27
-0.94 0.28
-0.95 0.29
-0.95 0.3
-0.96 0.31
-0.96 0.32
-0.96 0.33
-0.97 0.34
-0.97 0.35
-0.98 0.36
-0.98 0.37
-0.98 0.38
-0.99 0.39
-0.99 0.4
-1 0.41
-1 0.42
-1 0.43
-1.01 0.44
-1.01 0.45
-1.02 0.46
-1.02 0.47
-1.02 0.48
-1.03 0.49
-1.03 0.5
-1.04 0.51
-1.04 0.52
-1.04 0.53
-1.05 0.54
-1.05 0.55
-1.05 0.56
-1.06 0.57
-1.06 0.58
-1.06 0.59
-1.07 0.6
-1.07 0.61
-1.08 0.62
-1.08 0.63
-1.08 0.64
-1.09 0.65
-1.09 0.66
-1.09 0.67
-1.1 0.68
-1.1 0.69
-1.1 0.7
-1.11 0.71
-1.11 0.72
-1.12 0.73
-1.12 0.74
-1.12 0.75
-1.13 0.76
-1.13 0.77
-1.13 0.78
-1.14 0.79
-1.14 0.8
-1.14 0.81
-1.15 0.82
-1.15 0.83
-1.15 0.84
-1.16 0.85
-1.16 0.86
-1.16 0.87
-1.16 0.88
-1.16 0.89
-1.16 0.9
-1.15 0.91
-1.14 0.92
-1.13 0.93
-1.11 0.94
-1.09 0.95
-1.05 0.96
-0.99 0.97
-0.89 0.98
-0.73 0.99
