
Processing plot_limits.cc(8,0)...
-0.02 -1
-0.06 -0.99
-0.08 -0.98
-0.11 -0.97
-0.13 -0.96
-0.15 -0.95
-0.16 -0.94
-0.18 -0.93
-0.2 -0.92
-0.21 -0.91
-0.23 -0.9
-0.24 -0.89
-0.25 -0.88
-0.27 -0.87
-0.28 -0.86
-0.29 -0.85
-0.3 -0.84
-0.31 -0.83
-0.33 -0.82
-0.34 -0.81
-0.35 -0.8
-0.36 -0.79
-0.37 -0.78
-0.38 -0.77
-0.39 -0.76
-0.4 -0.75
-0.41 -0.74
-0.42 -0.73
-0.42 -0.72
-0.43 -0.71
-0.44 -0.7
-0.45 -0.69
-0.46 -0.68
-0.47 -0.67
-0.48 -0.66
-0.48 -0.65
-0.49 -0.64
-0.5 -0.63
-0.51 -0.62
-0.51 -0.61
-0.52 -0.6
-0.53 -0.59
-0.54 -0.58
-0.54 -0.57
-0.55 -0.56
-0.56 -0.55
-0.57 -0.54
-0.57 -0.53
-0.58 -0.52
-0.59 -0.51
-0.59 -0.5
-0.6 -0.49
-0.61 -0.48
-0.61 -0.47
-0.62 -0.46
-0.63 -0.45
-0.63 -0.44
-0.64 -0.43
-0.64 -0.42
-0.65 -0.41
-0.66 -0.4
-0.66 -0.39
-0.67 -0.38
-0.68 -0.37
-0.68 -0.36
-0.69 -0.35
-0.69 -0.34
-0.7 -0.33
-0.7 -0.32
-0.71 -0.31
-0.72 -0.3
-0.72 -0.29
-0.73 -0.28
-0.73 -0.27
-0.74 -0.26
-0.74 -0.25
-0.75 -0.24
-0.75 -0.23
-0.76 -0.22
-0.77 -0.21
-0.77 -0.2
-0.78 -0.19
-0.78 -0.18
-0.79 -0.17
-0.79 -0.16
-0.8 -0.15
-0.8 -0.14
-0.81 -0.13
-0.81 -0.12
-0.82 -0.11
-0.82 -0.1
-0.83 -0.09
-0.83 -0.08
-0.84 -0.07
-0.84 -0.06
-0.85 -0.05
-0.85 -0.04
-0.86 -0.03
-0.86 -0.02
-0.87 -0.01
-0.87 7.5287e-16
-0.88 0.01
-0.88 0.02
-0.89 0.03
-0.89 0.04
-0.89 0.05
-0.9 0.06
-0.9 0.07
-0.91 0.08
-0.91 0.09
-0.92 0.1
-0.92 0.11
-0.93 0.12
-0.93 0.13
-0.94 0.14
-0.94 0.15
-0.94 0.16
-0.95 0.17
-0.95 0.18
-0.96 0.19
-0.96 0.2
-0.97 0.21
-0.97 0.22
-0.97 0.23
-0.98 0.24
-0.98 0.25
-0.99 0.26
-0.99 0.27
-1 0.28
-1 0.29
-1 0.3
-1.01 0.31
-1.01 0.32
-1.02 0.33
-1.02 0.34
-1.02 0.35
-1.03 0.36
-1.03 0.37
-1.04 0.38
-1.04 0.39
-1.04 0.4
-1.05 0.41
-1.05 0.42
-1.06 0.43
-1.06 0.44
-1.06 0.45
-1.07 0.46
-1.07 0.47
-1.08 0.48
-1.08 0.49
-1.08 0.5
-1.09 0.51
-1.09 0.52
-1.1 0.53
-1.1 0.54
-1.1 0.55
-1.11 0.56
-1.11 0.57
-1.11 0.58
-1.12 0.59
-1.12 0.6
-1.13 0.61
-1.13 0.62
-1.13 0.63
-1.14 0.64
-1.14 0.65
-1.14 0.66
-1.15 0.67
-1.15 0.68
-1.16 0.69
-1.16 0.7
-1.16 0.71
-1.17 0.72
-1.17 0.73
-1.17 0.74
-1.18 0.75
-1.18 0.76
-1.18 0.77
-1.19 0.78
-1.19 0.79
-1.19 0.8
-1.2 0.81
-1.2 0.82
-1.2 0.83
-1.21 0.84
-1.21 0.85
-1.22 0.86
-1.22 0.87
-1.22 0.88
-1.23 0.89
-1.23 0.9
-1.23 0.91
-1.23 0.92
-1.23 0.93
-1.22 0.94
-1.21 0.95
-1.19 0.96
-1.16 0.97
-1.1 0.98
-0.99 0.99
