
Processing plot_limits.cc(8,-2)...
-0.02 -1
-0.03 -0.97
-0.04 -0.96
-0.06 -0.95
-0.08 -0.94
-0.09 -0.93
-0.11 -0.92
-0.12 -0.91
-0.14 -0.9
-0.15 -0.89
-0.16 -0.88
-0.18 -0.87
-0.19 -0.86
-0.2 -0.85
-0.21 -0.84
-0.22 -0.83
-0.24 -0.82
-0.25 -0.81
-0.26 -0.8
-0.27 -0.79
-0.28 -0.78
-0.29 -0.77
-0.3 -0.76
-0.31 -0.75
-0.31 -0.74
-0.32 -0.73
-0.33 -0.72
-0.34 -0.71
-0.35 -0.7
-0.36 -0.69
-0.37 -0.68
-0.37 -0.67
-0.38 -0.66
-0.39 -0.65
-0.4 -0.64
-0.41 -0.63
-0.41 -0.62
-0.42 -0.61
-0.43 -0.6
-0.44 -0.59
-0.44 -0.58
-0.45 -0.57
-0.46 -0.56
-0.47 -0.55
-0.47 -0.54
-0.48 -0.53
-0.49 -0.52
-0.49 -0.51
-0.5 -0.5
-0.51 -0.49
-0.51 -0.48
-0.52 -0.47
-0.52 -0.46
-0.53 -0.45
-0.54 -0.44
-0.54 -0.43
-0.55 -0.42
-0.56 -0.41
-0.56 -0.4
-0.57 -0.39
-0.57 -0.38
-0.58 -0.37
-0.59 -0.36
-0.59 -0.35
-0.6 -0.34
-0.6 -0.33
-0.61 -0.32
-0.61 -0.31
-0.62 -0.3
-0.63 -0.29
-0.63 -0.28
-0.64 -0.27
-0.64 -0.26
-0.65 -0.25
-0.65 -0.24
-0.66 -0.23
-0.66 -0.22
-0.67 -0.21
-0.67 -0.2
-0.68 -0.19
-0.68 -0.18
-0.69 -0.17
-0.69 -0.16
-0.7 -0.15
-0.7 -0.14
-0.71 -0.13
-0.71 -0.12
-0.72 -0.11
-0.72 -0.1
-0.73 -0.09
-0.73 -0.08
-0.74 -0.07
-0.74 -0.06
-0.75 -0.05
-0.75 -0.04
-0.76 -0.03
-0.76 -0.02
-0.77 -0.01
-0.77 7.5287e-16
-0.78 0.01
-0.78 0.02
-0.78 0.03
-0.79 0.04
-0.79 0.05
-0.8 0.06
-0.8 0.07
-0.81 0.08
-0.81 0.09
-0.82 0.1
-0.82 0.11
-0.82 0.12
-0.83 0.13
-0.83 0.14
-0.84 0.15
-0.84 0.16
-0.85 0.17
-0.85 0.18
-0.85 0.19
-0.86 0.2
-0.86 0.21
-0.87 0.22
-0.87 0.23
-0.88 0.24
-0.88 0.25
-0.88 0.26
-0.89 0.27
-0.89 0.28
-0.9 0.29
-0.9 0.3
-0.9 0.31
-0.91 0.32
-0.91 0.33
-0.92 0.34
-0.92 0.35
-0.92 0.36
-0.93 0.37
-0.93 0.38
-0.94 0.39
-0.94 0.4
-0.94 0.41
-0.95 0.42
-0.95 0.43
-0.96 0.44
-0.96 0.45
-0.96 0.46
-0.97 0.47
-0.97 0.48
-0.97 0.49
-0.98 0.5
-0.98 0.51
-0.98 0.52
-0.99 0.53
-0.99 0.54
-1 0.55
-1 0.56
-1 0.57
-1.01 0.58
-1.01 0.59
-1.01 0.6
-1.02 0.61
-1.02 0.62
-1.03 0.63
-1.03 0.64
-1.03 0.65
-1.04 0.66
-1.04 0.67
-1.04 0.68
-1.05 0.69
-1.05 0.7
-1.05 0.71
-1.06 0.72
-1.06 0.73
-1.06 0.74
-1.07 0.75
-1.07 0.76
-1.07 0.77
-1.08 0.78
-1.08 0.79
-1.08 0.8
-1.09 0.81
-1.09 0.82
-1.09 0.83
-1.09 0.84
-1.09 0.85
-1.09 0.86
-1.09 0.87
-1.09 0.88
-1.08 0.89
-1.07 0.9
-1.06 0.91
-1.04 0.92
-1.01 0.93
-0.98 0.94
-0.94 0.95
-0.87 0.96
-0.78 0.97
-0.63 0.98
-0.38 0.99
